-0.2399836
1.186929
1.624514
-1.052271
0.9218625
2.132997
0.01671815
0.8676461
-0.2168372
0.6424733
0.2152509
-1.316816
1.032522
-0.2865652
-1.231229
-0.4220679
-0.3320235
0.4891358
-2.372927
0.1003927
1.265625
-0.177809
4.382176
-0.1166781
0.4267355
0.09124708
-1.171764
0.1330745
-0.6063031
-0.9029677
1.02586
3.276636
-1.50565
-0.8017273
1.940784
-1.224245
-0.4342626
1.054056
0.01247852
0.3755737
-0.8980588
-0.8808821
-0.5883512
0.02606419
1.427837
1.253365
1.552948
-0.3753734
-0.1159775
-0.2842023
0.2383137
-0.03833893
0.5285272
0.5810648
1.64727
1.627697
-1.464193
-0.6388518
-0.6914069
0.6823712
-0.4094883
0.4481779
-0.1375581
0.6736844
-0.3328778
-0.1969666
0.2667209
1.104085
0.01568838
-0.09757173
-1.671923
0.7729856
0.3311783
1.381617
3.132402
-0.9872147
0.06703844
-1.534315
-1.225193
-1.361442
-2.103523
3.162518
-1.00185
1.441668
0.7887665
-0.6655019
1.65358
0.9978581
-0.878663
-0.2249071
-0.6696489
0.1641324
1.126676
-0.2712859
0.1577175
-0.6749616
-0.6027522
1.884802
-0.2108361
0.8523591
-0.04739689
3.376671
-1.242584
-2.19231
2.91819
1.81882
3.139132
1.226751
-2.186057
0.2596918
-1.790219
-0.4301502
0.3736935
1.219592
1.539763
-0.1243705
-0.3518015
1.470757
-0.6805857
2.587646
0.8871506
1.167599
-2.57146
-0.01949856
3.284701
0.2938758
1.791489
-0.2968463
3.279765
2.171142
-0.1931509
1.069966
-0.6790969
-1.296363
-1.00319
0.03357324
-1.50993
0.5733949
0.3554711
-0.06302834
4.455415
0.1041408
1.275784
0.06101604
0.01770647
0.2150135
1.028785
0.8571935
0.6779602
-0.7484187
-0.5287033
-1.605054
2.587135
-1.115962
-0.8051919
1.318093
-0.002473236
-0.4258289
-0.3394671
1.208614
-0.3956178
0.5266527
-0.860157
0.112464
-1.417965
0.8206428
0.1399854
0.2480585
0.8908785
1.055758
-2.157145
4.561743
2.024819
-0.6017984
-1.559066
-0.1144247
-0.6594985
0.1763401
0.6402943
-1.357341
0.7066644
0.4357463
0.9843265
0.5375244
1.29713
-1.459425
-0.1028266
1.33084
-0.6636437
1.027279
3.693499
-0.9317311
-2.363415
-2.341123
-0.4892049
-0.3007488
-0.669026
0.841933
-0.7561071
-0.05149261
-0.8099785
4.290294
-0.4607675
1.447377
-0.01276435
1.214506
1.828063
-1.371749
-0.6385272
2.832191
-0.5933593
-0.2700176
-1.073734
2.162108
4.165286
-0.9221221
-0.9392164
-0.5950264
0.427633
0.5760275
0.8886808
-1.344177
-0.03142741
-1.553159
-0.7168527
1.037868
2.270199
-0.0573191
1.162289
0.637539
-0.4011356
-0.2253298
0.09486027
0.6571228
1.217395
0.3927837
-0.06319921
-0.7139416
1.436981
1.091851
3.60941
1.782395
3.029615
0.7412342
4.186624
1.721034
-0.248341
-0.907903
-1.631802
0.7079909
0.8654146
0.3922839
-1.429733
-1.685195
0.69993
0.2292403
0.7383692
1.585008
0.1774544
0.7235009
-0.9213073
-1.20944
0.1741358
-0.0605545
-0.8737628
0.5050508
1.029166
2.722796
-0.03547925
0.4516992
-0.3635877
-1.058582
-0.9936774
-0.6916001
-1.998312
-0.7632843
1.223123
2.687318
-0.1674019
0.7726225
-0.9570333
-0.5747676
0.008939884
-1.037284
-0.3112077
0.9273922
0.1341707
-0.8997966
-0.4367534
0.7349727
0.7305324
-0.3642552
-2.2738
-1.886717
1.435929
0.8648129
1.262288
1.398128
0.9735609
-0.03117889
-0.1435389
3.546755
-1.366406
0.6302171
0.0947279
-0.1007414
3.770345
-1.056198
0.6922485
-2.400841
-0.03849602
-1.567916
-1.203323
-0.478828
0.6471104
1.043104
-0.4476119
-0.2427597
-0.7789415
-2.879204
0.5183766
-1.697696
-1.983663
0.8498159
-0.1905827
1.520893
-0.2260973
-0.4833666
-0.2463316
0.2687213
1.29209
0.350232
-0.7796038
0.3896097
0.09293225
0.7396756
-0.2649212
-1.902953
1.861108
0.2157865
0.05443791
2.0649
0.03145554
0.519822
-0.8955867
0.3332604
0.8990604
0.4854531
0.5737209
2.222921
1.151365
-1.447911
-0.08549174
0.2841897
0.789699
-0.1028213
-1.107635
-0.3570429
0.319826
-1.942445
0.03781533
0.450659
-0.3836311
1.526059
3.093505
-0.2262488
-0.55083
-0.8691903
-0.5694426
-2.470323
0.4536044
-0.499681
1.275383
-0.2584023
-0.4897102
-0.09441441
-0.1947351
0.3198728
0.9598793
0.6423907
-1.98714
0.486824
-0.3216966
1.007593
0.4743727
0.6621851
-0.01250055
0.8437736
-0.7748083
0.5754881
1.119373
1.409852
-2.367525
-1.330371
-1.818313
-0.1236005
0.09440017
-0.8269754
0.5972221
0.4201452
-0.5787701
-0.3810663
-1.311916
-0.4632529
3.177867
0.3303552
0.7081188
0.5620272
0.6504373
0.6267203
-1.322332
-1.219477
0.452499
-0.3073407
-0.5229691
0.3152472
-1.024381
-1.042785
-0.9011513
-0.7541268
1.642439
0.6486287
2.41133
-0.1990822
0.7006019
-2.920803
0.1330889
-2.316116
-0.03550336
0.3951791
-0.5136222
-1.116941
-0.001810087
-0.4629677
0.420812
-0.3773666
0.9572528
-0.780624
-1.026981
-0.4541602
-0.2009334
3.918696
-0.3359943
-0.794836
0.1037978
0.8158027
0.757137
1.810505
-1.358052
-0.147957
-0.2488955
3.815497
0.39907
2.482605
0.1580406
0.2030901
0.4648013
-0.1583075
0.4065848
-0.4872872
0.8947031
0.1057469
-0.5063331
-1.464112
-1.527712
-0.3641245
-0.6016907
4.19036
0.5698249
0.379019
2.129968
0.9722887
-0.3042154
1.593719
1.231736
0.1967604
-0.07054863
1.990767
-1.68797
-0.5360427
-1.038469
0.7673171
0.114781
-1.476687
-0.07737507
-0.05067484
-0.6697411
3.329959
-0.1432696
4.50935
0.4928133
0.1994448
2.341147
-0.2277876
1.242274
-0.8139405
0.299849
1.049285
1.408895
1.431271
0.6817423
-0.4160973
-0.6837325
2.503663
-0.493312
0.9039865
0.008518148
1.606155
-0.6747977
5.131992
2.67418
-0.04842595
1.221616
0.9935616
2.554332
3.419485
0.1780003
1.54143
0.1847435
0.5260916
-1.252395
0.1262442
1.715175
-0.2941125
-0.2193691
4.395643
3.048521
-0.5008248
1.131065
-2.375264
0.782653
1.042459
0.3574294
0.6714703
-0.3963105
-0.6244671
-1.302843
-1.307556
0.2932356
0.5149168
1.300958
-0.2520254
-0.6585043
2.284149
-1.481002
-0.863753
0.06045715
1.874389
-0.9153835
0.361623
